p = 3.141592653589793238462643383279

s = 1,000,000
u = 3.14159265358974134049919882742
l = 3.14159265358989645340766477116
eu= 5.1897963444555859E-14
ed= 1.03214945021387881E-13

t = 50
v = 3.14159265358979323846264338329
e = 1.1E-29
